0 7.02543 7.0554 7.10384 7.16722 7.24693 7.35017 7.46305 7.59787 7.75831 7.92431 8.11971 8.32116 8.54897 8.7829 9.04552 9.32139 9.6109 9.94739 10.254 10.6157 10.983 11.3749 11.7832 12.1853 12.6157 13.0787 13.5649 14.0336 14.5526 7.01675 
0.519109 7.52641 7.49598 7.44775 7.38489 7.30543 7.2017 7.08885 6.95453 6.79348 6.62791 6.43204 6.23105 6.00295 5.76943 5.50652 5.23085 4.94092 4.60467 4.29824 3.93636 3.56874 3.17701 2.76884 2.36683 1.93655 1.47357 0.986938 0.519109 0 7.53581 
0.070253 0.0950192 0.113473 0.0943788 0.0796955 0.0709118 0.0850215 0.0591714 0 0.0678251 0.0652906 0.0895975 0.0735878 0.0842151 0.0723552 0.0821369 0.0681327 0.0842067 0.074032 0.070683 0.0805528 0.0871386 0.0815258 0.0848692 0.076632 0.100903 0.134171 0.103704 0.070253 0.0536632 0.0536632 
0.0708509 0.080417 0.0823727 0.0794991 0.0771035 0.0674614 0.0743069 0.0792397 0.0650728 0.0873987 0.0742502 0.0444185 0 0.0453942 0.0742878 0.0832016 0.0640828 0.0793473 0.0789188 0.0938887 0.132265 0.0949733 0.0786037 0.076175 0.0771931 0.0736443 0.0650728 0.0741158 0.0708509 0.0594559 0.0594559 
0.0650053 0.0664557 0.0710546 0.0889569 0.0844584 0.0697404 0.0814158 0.0678849 0.0654355 0.0646101 0.0288679 0 0.0642914 0.128876 0.0773237 0.0714592 0.0711475 0.0719551 0.057233 0.0573098 0.0642914 0.0432654 0.0521468 0.0321137 0.0528975 0.0778228 0.0654355 0.0741652 0.0650053 0.0588651 0.0588651 
0.0505579 0.0449855 0.0277841 0 0.0364967 0.0581764 0.105097 0.12902 0.0743423 0.0528825 0.0615403 0.0644869 0.086024 0.0644869 0.0737984 0.0985863 0.08088 0.0854489 0.0749493 0.0856551 0.086024 0.0299176 0.0543247 0.0470615 0.0974219 0.0726062 0.0743423 0.0604598 0.0505579 0.0649347 0.0649347 
0.0422252 0.0464175 0.0637791 0.0542789 0.0263762 0 0.0284534 0.0542789 0.0665208 0.0580534 0.069623 0.0681425 0.0643649 0.0681425 0.0364772 0.0397837 0.0471214 0.0755449 0.0770985 0.0532566 0.0643649 0.109581 0.126476 0.0972108 0.0582555 0.0380954 0.0665208 0.0734625 0.0422252 0.0513701 0.0513701 
0.0578509 0.0621397 0.0643598 0.027827 0 0.0521749 0.0533951 0.027827 0.0521335 0.121025 0.063603 0.0633898 0.0647369 0.0633898 0.0627243 0.0567899 0.058493 0.0440566 0.0478997 0.043427 0.0647369 0.0436193 0.0521749 0.0673601 0.0518888 0.0624171 0.0521335 0.0573306 0.0578509 0.0523893 0.0523893 
0.0555021 0.0614169 0.0719701 0.055322 0.0408326 0.0571569 0.059525 0.055322 0.0667273 0.0408326 0.0630303 0.0534585 0.0637118 0.0534585 0.0536219 0.0534007 0.0631493 0.0334659 0 0.0329993 0.0637118 0.059267 0.0571569 0.0629625 0.0755047 0.0417074 0.0667273 0.112293 0.0555021 0.0377073 0.0377073 
0.0594645 0.0220329 0.0196935 0.0312857 0.0479256 0.0452649 0.0588672 0.0312857 0.0428553 0.0479256 0.028525 0.0584476 0.0511421 0.0584476 0.0142074 0 0.0416443 0.10218 0.0729535 0.0268114 0.0511421 0.04177 0.0452649 0.0587726 0.0647341 0.0271339 0.0428553 0.0729535 0.0594645 0.0384219 0.0384219 
0.0573275 0.0810922 0.0858506 0.0392745 0.0369788 0.0388035 0.0428165 0.0392745 0.0672218 0.0369788 0 0.0300809 0.0474087 0.0300809 0.0558737 0.0647943 0.0983036 0.0647943 0.0442237 0.0505232 0.0474087 0.0589539 0.0388035 0.0363832 0.0513655 0.0441709 0.0672218 0.0442237 0.0573275 0.0441933 0.0441933 
0.0473547 0.0482524 0.0452023 0.0479296 0.0595072 0.0507769 0.0171178 0.0479296 0.0543194 0.0595072 0.0544238 0.0611213 0 0.0611213 0.0632858 0.0457716 0.0544238 0.0457716 0.0166433 0.0486794 0 0.0477933 0.0507769 0.0499968 0.095847 0.0603087 0.0543194 0.0166433 0.0473547 0.0384366 0.0384366 
0.0403486 0.0589891 0.0430416 0.0500507 0.0536153 0.0392932 0.052542 0.0500507 0.0561608 0.0536153 0.0483464 0.0500918 0.0415691 0.0500918 0 0.0402273 0.0483464 0.0402273 0.0398962 0.0494478 0.0415691 0.048343 0.0392932 0.0319246 0.0415691 0.0916477 0.0561608 0.0398962 0.0403486 0.044714 0.044714 
0.0284808 0.036561 0.0321521 0.0451741 0.0246259 0.045012 0.0685721 0.0451741 0.0457092 0.0246259 0.0287382 0.0330992 0.0334482 0.0330992 0.0386063 0.0440309 0.0287382 0.0440309 0 0.0242758 0.0334482 0.00886958 0.045012 0.0847036 0.0334482 0.0386063 0.0457092 2.55999e-17 0.0284808 0.0379521 0.0379521 
0.0389491 0.0100168 0.0218445 0.0356047 0.0440296 0.0551119 0.0253951 0.0356047 0.0444364 0.0440296 0.0192232 0.0405954 0.0430726 0.0405954 0.0582536 0.0586639 0.0192232 0.0586639 0.034657 0 0.0430726 0.0805205 0.0551119 0.034657 0.0430726 0.0582536 0.0444364 0.034657 0.0389491 0.0551415 0.0551415 
0.0378861 0.0227885 0.0298104 0.0394721 0.0339586 0.0681116 0.0287266 0.0394721 0 0.0339586 0.0370219 0.0351279 0.0392695 0.0351279 0.0212778 0.0154082 0.0370219 0.0154082 0.0360593 0.0336757 0.0392695 0.0336757 0.0681116 0.0360593 0.0392695 0.0212778 0 0.0360593 0.0378861 0.0214845 0.0214845 
0.028866 0.0106086 0.0308169 0.0260101 0.0349473 0.0301673 0 0.0260101 0.0301673 0.0349473 0.0274182 0.0466093 0.028928 0.0466093 0.0257155 0.0563242 0.0274182 0.0563242 0.0241593 0.0329761 0.028928 0.0329761 0.0301673 0.0241593 0.028928 0.0257155 0.0301673 0.0241593 0.028866 0.0242292 0.0242292 
0.0456886 0.0218301 0.000125336 0.0241273 0 0.0263275 0.023645 0.0241273 0.0263275 0 0.0192657 0.0233333 0.0120904 0.0233333 0.0186516 0.023645 0.0192657 0.023645 0.0353746 0.0233597 0.0120904 0.0233597 0.0263275 0.0353746 0.0120904 0.0186516 0.0263275 0.0353746 0.0456886 0.0342734 0.0342734 
0.0165741 0.0228488 0.0117667 -1.25175e-17 0.0165741 0.0190496 0.0230085 0 0.0190496 0.0165741 0.024212 0.0218352 0.0433074 0.0218352 0.0182951 0.0230085 0.024212 0.0230085 0.0346685 0.0317134 0.0433074 0.0317134 0.0190496 0.0346685 0.0433074 0.0182951 0.0190496 0.0346685 0.0165741 0.0301264 0.0301264 
0.0225258 0.0341591 0.0219271 0.0230013 0.0225258 0.0426527 0.0215676 0.0230013 0.0426527 0.0225258 0 0.0133962 0.0230013 0.0133962 0.0353018 0.0215676 1.27097e-17 0.0215676 0.0196833 0.0261418 0.0230013 0.0261418 0.0426527 0.0196833 0.0230013 0.0353018 0.0426527 0.0196833 0.0225258 0.0269892 0.0269892 
0.0193955 0 0.0160134 0.0163223 0.0193955 0.0177424 0.0159677 0.0163223 0.0177424 0.0193955 0.0177424 0.0160805 0.0163223 0.0160805 0.034793 0.0159677 0.0177424 0.0159677 0.0154507 0.0220231 0.0163223 0.0220231 0.0177424 0.0154507 0.0163223 0.034793 0.0177424 0.0154507 0.0193955 0.0303675 0.0303675 
4.49626e-13 0.0182509 0.0227992 0.0187846 0 0.0207916 0.0206799 0.0187846 0.0207916 2.52718e-17 0.0207916 0.0343213 0.0187846 0.0343213 0.0182509 0.0206799 0.0207916 0.0206799 0.0161412 0.0132145 0.0187846 0.0132145 0.0207916 0.0161412 0.0187846 0.0182509 0.0207916 0.0161412 2.52718e-17 0.0143843 0.0143843 
0.00507934 0.0138091 0.0111931 0.0126417 0.00507934 0.0186803 0.0110852 0.0126417 0.0186803 0.00507934 0.0186803 0.00507934 0.0126417 0.00507934 0.0138091 0.0110852 0.0186803 0.0110852 0 0.0237169 0.0126417 0.0237169 0.0186803 0 0.0126417 0.0138091 0.0186803 1.09715e-16 0.00507934 0.0124209 0.0124209 
0.00774623 0.00673503 0.00300474 0.00680366 0.00774623 0.0164638 0 0.00680366 0.0164638 0.00774623 0.0164638 0.00774623 0.00680366 0.00774623 0.00673503 4.11585e-17 0.0164638 3.45731e-17 0.0122477 0.0122477 0.00680366 0.0122477 0.0164638 0.0122477 0.00680366 0.00673503 0.0164638 0.0122477 0.00774623 0.00790616 0.00790616 
0.00802955 0.0138648 0 0.0026308 0.00802955 0.00491268 0.00491268 0.0026308 0.00491268 0.00802955 0.00491268 0.00802955 0.0026308 0.00802955 0.0138648 0.00491268 0.00491268 0.00491268 0.00644101 0.00644101 0.0026308 0.00644101 0.00491268 0.00644101 0.0026308 0.0138648 0.00491268 0.00644101 0.00802955 0.0107323 0.0107323 
3.49067e-12 0.00585657 0.00585657 0.0106106 6.89717e-18 0.00934717 0.00934717 0.0106106 0.00934717 2.56181e-17 0.00934717 1.61591e-16 0.0106106 0 0.00585657 0.00934717 0.00934717 0.00934717 0.0137546 0.0137546 0.0106106 0.0137546 0.00934717 0.0137546 0.0106106 0.00585657 0.00934717 0.0137546 3.25152e-17 0.00913939 0.00913939 
-3.78111e-13 0.00444 0.00444 0.00441646 7.19516e-16 0.00395662 0.00395662 0.00441646 0.00395662 5.18841e-16 0.00395662 0 0.00441646 7.09647e-16 0.00444 0.00395662 0.00395662 0.00395662 1.28394e-15 1.10442e-15 0.00441646 1.28206e-15 0.00395662 1.24635e-15 0.00441646 0.00444 0.00395662 7.11997e-16 4.87823e-16 0.00720933 0.00720933 
0.00247133 0.00341202 0.00341202 0.00542295 0.00247133 0 2.79275e-16 0.00542295 2.96769e-16 0.00247133 2.83649e-16 0.00247133 0.00542295 0.00247133 0.00341202 2.05239e-16 3.47063e-16 3.14887e-16 0.00247133 0.00247133 0.00542295 0.00247133 2.79275e-16 0.00247133 0.00542295 0.00341202 1.08649e-15 0.00247133 0.00247133 0.00247133 0.00247133 
0.00174212 1.49744e-16 0 0.00389169 0.00174212 0.00389169 0.00389169 0.00389169 0.00389169 0.00174212 0.00389169 0.00174212 0.00389169 0.00174212 0 0.00389169 0.00389169 0.00389169 0.00174212 0.00174212 0.00389169 0.00174212 0.00389169 0.00174212 0.00389169 1.33203e-16 0.00389169 0.00174212 0.00174212 0.00174212 0.00174212 
0.00128273 6.89557e-16 4.78744e-18 1.10831e-14 0.00128273 7.67403e-15 3.60321e-15 8.1919e-15 3.25505e-15 0.00128273 3.81312e-15 0.00128273 7.67337e-15 0.00128273 0 4.46825e-15 3.16706e-15 3.7555e-15 0.00128273 0.00128273 8.41468e-15 0.00128273 3.5905e-15 0.00128273 8.11298e-15 6.02227e-16 4.53982e-18 0.00128273 0.00128273 0.00128273 0.00128273 
0 1.68566e-07 1.68575e-07 1.68609e-07 1.68582e-07 1.6857e-07 1.68565e-07 1.68577e-07 1.68563e-07 1.68586e-07 1.68564e-07 1.68575e-07 1.6857e-07 1.68582e-07 1.68575e-07 1.68558e-07 1.68564e-07 1.68569e-07 1.68596e-07 1.68582e-07 1.68573e-07 1.68596e-07 1.68565e-07 1.68592e-07 1.68576e-07 1.68566e-07 1.68575e-07 1.68582e-07 1.68583e-07 1.54227e-07 1.68575e-07 

