0.0 0.01535490329342604 0.01441143447119736 0.01700906710477446 0.007249307223168594 0.02590393256803498 0.01958958285337561 0.011770199378459821 0.01819112962342144 0.02021447540918137
0.01535490329342604 0.0 0.01634902152502228 0.02519570100868317 0.015857995696172144 0.029551954764885657 0.024796230734110268 0.013355448779211866 0.006277938577560634 0.01451623862924961
0.01441143447119736 0.01634902152502228 0.0 0.024325087004281883 0.014652752824297413 0.01779379214242116 0.012969937641525209 0.014735942831785797 0.017499359988065618 0.02158410752579889
0.01700906710477446 0.02519570100868317 0.024325087004281883 0.0 0.011730191275768045 0.025211623564434658 0.030185309898251682 0.02491570897374295 0.022080817529428264 0.02845383954546073
0.007249307223168594 0.015857995696172144 0.014652752824297413 0.011730191275768045 0.0 0.024770823623024383 0.02104768578328017 0.015256130078422709 0.01832051895741528 0.0198889652656734
0.02590393256803498 0.029551954764885657 0.01779379214242116 0.025211623564434658 0.024770823623024383 0.0 0.008493685222876055 0.027765200578997992 0.03079049298436116 0.022975585878769446
0.01958958285337561 0.024796230734110268 0.012969937641525209 0.030185309898251682 0.02104768578328017 0.008493685222876055 0.0 0.022392851590691005 0.027276412316967903 0.019378244885538663
0.011770199378459821 0.013355448779211866 0.014735942831785797 0.02491570897374295 0.015256130078422709 0.027765200578997992 0.022392851590691005 0.0 0.014536151589809225 0.013530753007010086
0.01819112962342144 0.006277938577560634 0.017499359988065618 0.022080817529428264 0.01832051895741528 0.03079049298436116 0.027276412316967903 0.014536151589809225 0.0 0.01508214976325701
0.02021447540918137 0.01451623862924961 0.02158410752579889 0.02845383954546073 0.0198889652656734 0.022975585878769446 0.019378244885538663 0.013530753007010086 0.01508214976325701 0.0
